|               time |                signal |
|  588130801.0772742 |    2.5146950040658105 |
|   897713727.909418 |    5.2082291135666825 |
|   891530729.474708 |    2.2862956390087037 |
|   815837477.307684 |    -3.069739757020581 |
|  35889585.61685329 |   -1.8901212052303547 |
|   691757581.758884 |    -4.352068760211171 |
| 378680942.00540817 |    0.8212543611249276 |
|  518510945.4480806 |   -2.8616603485948735 |
|   657951465.558813 |    0.2735913133038227 |
|  193850217.8829483 |     3.833485399715794 |
| 272316402.06658393 |    -7.009860616003967 |
|  718605933.6011658 |    0.3326132543372917 |
|  783003609.4590105 |      -3.4853337826196 |
|  850327639.7749953 |  -0.06973051958283394 |
|  775244893.9943627 |    -2.186547089897213 |
|  36664306.42108576 |    -4.571250841085437 |
| 116693735.13289516 |   -3.7509116854371563 |
|  751280699.4877009 |    2.3446572996592487 |
|  239218216.1996095 |    1.1359855017455236 |
| 254806013.94214675 |   -0.9937776317666542 |
|  857625531.1697625 |    0.9609136940919467 |
|  949779026.1143028 |   -3.8413090440944857 |
|  561686858.0111579 |   -1.5208945408025223 |
| 178780519.84997657 |    0.7217040526921883 |
|  770251933.1384002 |    1.8103023817932633 |
| 492381039.61454946 |    1.9933397596227471 |
|  631253065.5635453 |    -0.672319922476772 |
|   839497922.913706 |    0.7656998207451633 |
| 461039396.29243076 |  0.029028662523590043 |
| 497940073.30730516 |    0.4186613990630996 |
|  679411117.5532508 |     -2.60565954426741 |
|  650785914.1233301 |   -0.2183077684964727 |
| 268795238.74435407 |   -1.8833540012345165 |
|  67324666.93901773 |   -0.3572001466637191 |
|  771445138.3585627 |     5.006967393587862 |
|  480984132.2996459 |      4.16936649824198 |
| 329206407.73364675 |   -2.5388452498483396 |
| 510641056.17515177 |    1.0444200185585457 |
| 263628828.66005677 |   -2.1977606952864823 |
|  310511550.0462974 |    0.2065621670737665 |
|  626853437.7163501 |     3.462368604622928 |
|  557449810.5722824 |    -4.082548809710554 |
|   318579559.579802 |   0.24596200698340856 |
|  394843220.8584274 |    -4.207964968497717 |
| 257974585.86518517 |    -1.337681648816868 |
|  582241123.2852156 |   -0.4718110926949024 |
| 161628710.44378734 |    -6.267580232273898 |
|  598133819.7650198 |     2.138430699881098 |
|  825823577.2560102 |    -2.734629664699012 |
| 156391718.51094723 |    -4.821277900726093 |
|  734300519.3170531 |    2.3338797283358934 |
| 408643432.07882226 |  -0.16732752505990156 |
|  778687904.3633301 |   -0.6778608702087506 |
|  803970567.6110086 |   -0.8350345654759149 |
|  786071443.5268508 |    0.9790887968927503 |
|  592287018.6558129 |      5.13121992840973 |
|  664489202.8256034 |    -4.466344215729584 |
|   646567286.775609 |    1.0634260403700826 |
|  425636478.9640509 |   -0.9136195509887144 |
| 513568333.75774324 |    -2.226856088983709 |
|  501257843.7160973 |    2.0124269489213913 |
|   37083810.9187992 |   -4.4046384392132465 |
|   708116095.181514 |     1.869648702956175 |
|  620430600.2170095 |    3.8998549760585135 |
|  777808534.6172428 |   -2.7246873382523673 |
|  459409465.6478793 |     2.526876011746018 |
|  379805554.7025306 |  -0.31775021968781264 |
| 291892203.55372113 |    -4.279977518969838 |
|  557228862.4869921 |   -3.2511727420037664 |
|  84163601.69753323 |    0.9773203405605682 |
|   631281669.144046 |    1.4179553579967885 |
|  944570487.9203681 |   -1.9154634122217356 |
|  891237534.9397385 |    1.7070951883312053 |
|  878582579.7633914 |   0.46241303184802574 |
| 344751627.00699544 |    1.9441111687087962 |
|  703100532.0419698 |   -2.9445506835467437 |
|  527337604.7348849 |    -2.476382196022806 |
|  659316955.5805695 |   -1.3678792472735941 |
|  268290633.6751031 |    -7.465816158925734 |
|   607767079.418287 |    1.7557234555026886 |
|  48157370.01461995 |    -0.176440842149445 |
|  695500639.4243271 |    3.6760035303348975 |
| 299271877.65136075 |   -2.6797137128412354 |
|  165635554.9063111 |    0.5321595086389768 |
|  332251940.1232874 |     1.180060066365057 |
|  165437745.5053304 |    -2.532473702872895 |
|   914637981.002319 |   -1.4010495315858105 |
|  284025005.9202085 |    -3.027325202919132 |
| 107607264.84068206 |   -0.5161073285124902 |
|  117001770.2327011 |    0.5803163864971057 |
|   755523598.795747 |   -0.6410541420039264 |
|  838894458.1958599 |  -0.38169332421557145 |
|  35537026.67150827 |   -0.8846093918431541 |
| 121443769.80074678 |    -2.554598997838502 |
|   891008055.063653 |     2.154458454866832 |
|  515092234.2427171 |   -0.6128270297304661 |
|  924419011.6286612 |     1.705185353548896 |
|  581242629.7105081 |     2.250887109348117 |
|   773256387.306404 |    2.9370280882004414 |
|  422676894.3449557 |   -1.6060416512450204 |
|  825464751.2641256 |   -2.9165796003991193 |
| 385404561.72748715 |    1.6667439877040868 |
| 354345962.25189865 |  -0.33296116018457145 |
|  428078522.4578055 |   -1.8775140047003052 |
| 395065181.55388725 |      -4.0442746799593 |
|  844629714.1474856 |     1.051178684814799 |
|  373823809.1629649 |    0.1549470512106362 |
| 371580976.18591446 |    3.2816866022016637 |
|  415942958.0075482 |   -1.5983316174970161 |
|  424544476.3632228 |     3.245621048135883 |
|   662804842.833816 |    -2.412002599487825 |
| 189775925.61632285 |    -3.305718032530867 |
|  722478651.1124369 |     3.283253567093997 |
| 253660972.90227064 |   -0.4766522828817219 |
|  962674138.5244615 |    2.3850682456388377 |
| 132661245.81933758 |    -4.870323325934654 |
|  806796697.3677213 |    0.3331159526146801 |
|  354995450.3924939 |    1.0838290228831098 |
|  84638304.80062273 |     1.185687588779449 |
|    731168775.70882 |       4.0753743523598 |
|  996600854.5534079 |     1.881543408315155 |
|  9592770.783399152 |    -4.598610199421765 |
| 237573387.54052892 |    2.5846586111667884 |
|  461924781.7133454 |    1.1245949677315812 |
|  765258837.9282806 |        2.146440044165 |
|  972503314.3208761 |     -0.60336057081933 |
|  915946998.0362618 |    -3.104566328451413 |
|   587446781.049689 |   -1.5642531146789096 |
|    444375328.09698 |   -0.8923792566832565 |
|   441075940.143165 |    1.0618813751992795 |
|  693991371.4090784 |    -1.203529258938637 |
|  726640973.7095908 |    3.2305906700733003 |
|  734732757.4681122 |    1.2985751969479393 |
| 384220529.62991637 |    -1.714505312717809 |
|  945395911.4439142 |    0.7212849086680295 |
|  793669264.8100342 |    0.7636247132203552 |
| 257814665.46308896 |   -1.6952086167900584 |
|   636486941.979685 |    1.7269825347222827 |
|   845140523.349244 |  -0.06354992380521285 |
|  7775148.666466225 |    -4.854504991136452 |
|  77036274.32303728 |    -2.098251272310447 |
|  989425138.9795341 |    1.4558068959638666 |
|   790965012.233403 |   -0.9891302961300488 |
|  736887380.3041741 |     3.584242391295486 |
|  866389845.7503228 |    0.6735234542812054 |
|  230754122.3479932 |   0.20836045001294995 |
| 105502249.51235221 |    1.4841571089132912 |
|  742935269.4229372 |  -0.45419246987259054 |
|  475156343.2549728 |     6.210773165979291 |
|  759652834.3154135 |     5.610715122120093 |
| 485993132.35851604 |    3.0218938681492213 |
|  275933790.9595235 |    -4.371113551778177 |
|  381783367.1806402 |   0.14826228221201043 |
|  676201398.5128596 |   -2.0714975778818774 |
|  736471030.6946241 |     2.008384169756724 |
|  970604695.1984515 |    -1.681582776145091 |
|  681362718.8213644 |     1.062762918011136 |
| 490451998.87010103 |   -0.5246311646826762 |
| 128403242.09091824 |    -3.456265252527492 |
|   503830931.870658 |   -1.6938467053160062 |
|   409669104.053296 |   -1.0721463910384021 |
| 255597375.79752305 |  -0.39698567193767276 |
|  618066026.2503396 |    0.6201988045293261 |
|  895014448.5863874 |     4.607206685314588 |
|   667502390.906908 |  -0.16602976193253394 |
|  575853355.9110415 |   -2.4425572271767577 |
|  648720482.1640174 |    3.1987058223192535 |
|  961076765.7277606 |   -0.1551173941545059 |
|  864369247.2911634 |      3.38943143519371 |
|  782728776.6542155 |   -0.2616388186826935 |
|  311103320.4530341 |    2.2770763144299093 |
| 271913860.43280005 |   -1.5014394437205976 |
|  957380542.1790437 |   -2.7328803693204424 |
| 516442680.01054484 |   -1.6464763238078208 |
| 417425527.14070404 |    0.5904604836113192 |
|  638863069.0353211 |    2.0921602753960173 |
|    689527361.00259 |   -2.6471578065956303 |
|  768486494.8951564 |     4.348616529079173 |
| 442854587.69839305 |     0.536814968676322 |
|  951314490.1190667 |    -2.378378045030806 |
|  532791285.1196689 |   -0.6776509969326017 |
| 313561379.14129364 |    -1.155400288545248 |
| 203522063.48122004 |   -0.9328353779196369 |
|  985347618.5249186 |    1.1629290761567463 |
|  467839211.4404849 |      1.96417800708964 |
|  702929220.5042403 |    -3.134059939899983 |
| 154604088.04807246 |    -2.574237756385289 |
|  730999386.4763508 |   0.21361742097598624 |
|  660586043.6085817 |    0.6751920331204408 |
|  736428677.0216461 |     3.616234948789697 |
|  906689290.8434371 |   -0.7934154823698232 |
|  793316313.6511385 |   -1.3388107328391725 |
|  394969731.1980225 |   -1.8195277741233684 |
|  922155728.8295786 |    -4.681463219745657 |
|  40945316.89192238 |    -3.560941405032014 |
|  794342109.1021433 |   0.15871785210349443 |
|   837971649.416032 |     4.707605298076624 |
|  541926692.5445466 |   -4.0130706674827135 |
|  630372199.9013208 |    0.6410983897657405 |
|  972483918.5206939 |      3.73443831637496 |
|   397447321.290347 |  -0.36347192750236923 |
| 503539679.79491043 |   -1.0642092861336165 |
|  480051784.5414034 |    3.4630702670905817 |
|  709918762.8463057 |    1.0459289270555079 |
| 17648161.021953877 |    -5.951957937077084 |
|  63605234.39451415 |    2.2070088176675937 |
| 116973441.03324737 |    2.9131467302407197 |
|   830885202.421668 |    -2.301478552778016 |
| 306237837.21658903 |  -0.03857119874250481 |
|  613293781.0052303 |     2.352618867734024 |
|  553551510.4577843 |    3.6061282359382694 |
|  787143098.2780617 |    -4.849148657305506 |
|  824669271.8364531 |   -1.6956729847878411 |
|  819212567.0572398 |   -0.7678462836187422 |
| 56484157.788743936 |   -1.2226938840668113 |
|  890334976.2907652 |     5.656044237454033 |
|  951781563.6217566 |    0.8974467453154064 |
| 221119160.87186334 |    0.8208045734180208 |
|  774973047.5109777 |     4.062134209133249 |
|  415163764.1120025 |  -0.22842264489517028 |
|  463675233.4600328 |    4.3479844339006375 |
|  681397022.1680027 |   -0.8151089245575178 |
|  932778438.3437842 |   0.22777056035570098 |
|  857565703.1779916 |     0.689344243867337 |
|  958202505.8884641 |   -4.9952844521510125 |
|  633603539.0500487 |   -0.3890121234004551 |
|   66610879.5857503 |    2.3695055370917437 |
|  871408446.1753882 |    1.6234772525871963 |
| 360870839.55327904 |   -0.6918848216978037 |
|  639464500.6330788 |    0.8008055079821113 |
|  907399645.8550371 |    5.4766306236778455 |
|  507049382.1470391 |    1.2368898777057749 |
|  859246804.1192756 |     2.789861211280431 |
|  996803057.2772654 |    1.9532644043835028 |
|  998467144.2110355 |     5.419897167434314 |
| 296423408.51681083 |   -0.5327784121388053 |
| 252959707.33706295 |    -2.060649993034454 |
| 217776922.77328897 |    0.5264932083649422 |
|  466561369.3288201 |  -0.19196129830358455 |
|  876663949.5709394 |     4.129216789123318 |
|  438510669.4653493 |    1.2210321719579902 |
| 215743839.18081576 |   0.11436344877674864 |
|  493378685.8838503 |     4.942977672579241 |
|  925035060.0015898 |    0.7809946851530105 |
| 112945808.48818636 |    -3.093580081663977 |
|    386503510.52057 |    -4.892144440853537 |
|   398747022.263814 |    -3.064668880018887 |
| 307956097.59987396 |   -2.0848325953097135 |
|   54963132.7982778 |    -2.439354601491936 |
| 211519833.51021796 |    1.9104820405795082 |
|   936953175.481547 |   -0.7116065579550577 |
| 240287370.38841796 |   -1.4212057931151976 |
|  14856534.49136337 |    -4.211669608853665 |
|  426095858.2863216 |   -1.2159363708104078 |
|  621369748.2806605 |     2.949601780086976 |
|   361079239.830434 |    1.7757264855102792 |
|    958954269.38972 |    1.3998848192308129 |
|  151970892.8486615 |   -3.9839430524182102 |
|  951441911.4448167 |   -0.9474312934383102 |
| 478582824.06742483 |    1.7482207041855333 |
|  807432154.0725442 |    -0.177183862159481 |
|  632933972.8678646 |    -1.526183086655239 |
| 179323449.65903535 |    -2.421488236933069 |
|  37159478.99189653 |   -1.8437088737977507 |
|  946616655.2805835 |   -1.5188992096921206 |
|  890178940.1382366 |    3.7565189932277967 |
|  731034313.7507322 |      3.07578978056259 |
|  458746097.4594796 |   -2.1459382141555867 |
|  419995820.0906918 |     -2.27354388451221 |
|  839212482.3623319 |   -0.9291923562910438 |
|  483796986.1548123 |   -0.6291570304274545 |
| 402465452.66722125 |     2.994657958387589 |
|  380376379.1439956 |     -3.26750892181881 |
|  946461736.4161338 |    -2.848754284267755 |
|  652864566.8120599 |   -0.8748765743504445 |
| 169339220.89386576 |    -2.532877972800632 |
|  739231280.2078025 |    2.5400383643948503 |
| 380206093.80604655 |   -0.8698227231177361 |
|  806772158.2617203 |    -2.702720776307903 |
| 372599367.41561615 |    -2.959242223086698 |
|  206885319.9357672 |    1.2415391768465518 |
|  490579835.9298272 |    3.7263790183503733 |
| 192319910.95160004 |   -0.5541596851950386 |
| 184258019.25975937 |   0.32939793299064823 |
|  300750998.2728121 |    1.3429392232725952 |
|  592167286.3575101 |   0.38180547625621664 |
|  496116152.0456471 |   -1.5797788847335064 |
|   916651965.848682 |   -1.6280552044787677 |
|  646866046.3478327 |    0.6247103949308017 |
| 130464265.64787251 |   -3.8077416177528973 |
|  814693887.3023889 |   -0.1347748052825195 |
| 212830045.41559547 |   -2.0304127025442327 |
|  41717372.15813076 |   -0.7681272526444991 |
|  349609106.7253363 |    1.9329713977262337 |
|  697333929.3987288 |    0.2615290870851694 |
|   263249962.803876 |   -2.7063618355344317 |
|  319836500.0196619 |    0.1019350261485078 |
|  957906735.5540798 |     1.403675522460051 |
|  984033816.7655131 |    3.1557529860565046 |
|  636459955.4717726 |     2.249229016469747 |
|  752907618.3822398 |     8.094635161186014 |
|  962244547.3420842 |     2.919689888870237 |
|  825061691.0954949 |  -0.37696789372403766 |
| 220241295.59959683 |    -2.473752729409447 |
|  238108849.1860416 |   -1.6262393696042428 |
| 310702112.26160705 |    -2.217579656007033 |
|  980508991.0135632 |     3.930488023529319 |
|   638820561.073021 |    3.6001639137404613 |
|  904918391.3805195 |    0.7522316680190316 |
|  13692735.08064639 |   -2.2650079071741875 |
|  766701611.1647047 |   -1.0201733881227488 |
|  4398189.215633064 |    -5.091138823322636 |
|  43288047.57064752 |    -1.597357603804954 |
|   4869305.69801336 |    -4.144104115167173 |
|  206949569.5838911 |  -0.07746224634347276 |
|  329468588.3210785 |   -2.7106431299892275 |
|  959645098.8732843 |    0.6115995890595671 |
|  908882003.9689085 |    -3.181011948003719 |
|  584515439.6911653 |    2.6656798953889567 |
|  811505218.4807972 |    0.9630839874549288 |
| 32130323.874384858 |    -5.362354903491932 |
|  756068014.4411184 |     4.859979857244554 |
|  84222232.80739827 |   -1.1946832501103166 |
|  176347689.9015104 |   -1.5005113736299032 |
|  929786063.1074498 |   -1.3810051459661166 |
| 260141491.15628183 |    -5.575203239562978 |
|   795832542.680759 |   -2.3394667714266477 |
| 529579667.00139827 |    1.0829565063909337 |
|  701435592.5879312 |    -3.310158175807591 |
|  690611763.4381986 |   -0.9615646317376116 |
|  476373396.8019681 |    1.4035297343341924 |
|  718865961.1902016 |    -2.078362640371732 |
| 257145371.67900354 |   -0.9299200149712112 |
| 321865937.92428285 |   -0.7929637584098055 |
|  798957613.6141564 |   -1.0001425033185014 |
|  50721081.17190677 |   -2.2762478031892375 |
| 263743169.41817555 |   -3.0480526668643257 |
| 207976323.19561833 |     1.266685992786807 |
| 222463909.85837504 |     0.929312402947083 |
|  661881732.8601565 |   -1.7107389753129878 |
| 123033846.07450974 |  -0.15407659167048937 |
|  393867177.6888009 |   -2.0688654253745566 |
|  612598885.3272951 |   0.44483428664228963 |
|  320698228.4220442 |    1.5128156857224908 |
| 315733207.26875687 |    -4.230254573023585 |
|   606319799.078946 |     5.301990325644818 |
|  833198993.4042264 |   -2.1447355873389276 |
|  416858990.9837761 |    -5.668050877816741 |
| 48288595.436065786 |   -3.4948719695702337 |
|  884645722.0487244 |     3.322142665366626 |
|  868983448.3808377 |    3.5242182559078086 |
| 367527400.54916346 |   -0.5379956818330522 |
|  634823355.0741819 |    3.3943001865020426 |
| 454105662.53237903 |    -4.437438361872114 |
|  711797099.1442528 |    1.7471443269016915 |
| 129659139.41647999 |   -3.1409883240649403 |
|  87410368.49087524 |   -0.7783215092624455 |
|  956698675.0206236 |     2.433854519728783 |
|   877038968.319115 |   -0.4216911327767261 |
| 156099735.42893675 |    -4.708646320475426 |
| 152870299.25488615 |    -2.731867636148217 |
|  375795542.2150432 |   -1.0028509243206205 |
| 125801235.86291759 |    -4.144115655051453 |
|  874883348.4511558 |     7.149915465871144 |
|  909053773.3668231 |   0.28780511584314106 |
| 54231991.671062626 |    -5.123817996168818 |
|  930733816.2606863 |   -2.4856689855244367 |
|   877729823.266036 |    5.3156197396983345 |
|  828543207.3736475 |    1.3328955871985442 |
|  660993825.0086995 |   -1.3932358413189836 |
| 136885979.77343798 |    -4.258991049416453 |
| 407328280.19644916 |   -2.1416904094260465 |
|  940935015.0810859 |     1.010256927464328 |
|  316155594.2550477 |  0.049256844958763216 |
| 145233256.89969835 |   -6.1035017761728145 |
|   168078738.445829 |   -2.3401571915583577 |
|  528476979.2591216 |     2.094896230406711 |
|  19246544.02198234 |   -1.5777670103151804 |
|  677366662.0179797 |     1.746305453119088 |
| 109356612.68059915 |   -2.2029073973667064 |
| 372972074.71876395 |   -0.9232280921769771 |
|  135022905.2262457 |    -3.348348153315573 |
|  668784900.0068603 |   -0.8426007221754105 |
|  241623639.8476439 |      1.95469138601448 |
|  703964007.4347994 |    -3.143920462782434 |
|  628278499.3699564 |    1.3695776594251354 |
|  344932335.6546634 |   -0.4490300561759575 |
| 45134053.921684906 |    2.8944706471862345 |
|  999415709.8478496 |     5.045365228430573 |
|  642527241.6272558 |    -2.975422213113762 |
|  7021878.276327054 |    -6.963047236472924 |
|  747379661.2547518 |      5.74787224330351 |
| 383347876.48724914 |   -1.6532353570174196 |
|  44156534.09758047 |   -3.6241022284769193 |
| 212896898.42688185 |    1.5199079802232072 |
|  899410709.9646809 |      5.92756330239599 |
| 197468593.12109843 |  -0.28042933739312137 |
|  91142496.42484163 |    1.4468917566972619 |
| 210459582.29768923 |    1.0668281192746525 |
|  993035218.9298112 |    3.6110620514029996 |
|  629440571.7591585 |    1.3597041761314892 |
|  567011453.9156965 |    -2.092517461451487 |
|  540641114.1503757 |     2.002016707613232 |
|  857314519.8815334 |   -0.7992948201067924 |
|  533802454.0805097 |   -1.0484031744303253 |
|  665755310.9703053 |   -0.4529500795045711 |
|  801735999.7120254 |    -1.897812778273697 |
|  951859386.3174344 |      3.57567560466111 |
|  37919547.30806324 |  -0.40495280525296096 |
|  269460576.4854807 |    -1.089140805093426 |
|  765959508.1532712 |     5.522117609221356 |
|  577697083.9731753 |    0.8292605088644502 |
|  369483458.7513964 |   0.10132299753812665 |
|  681583157.0975652 |    -3.766070115011848 |
|  616928650.6213782 |     3.750382677759102 |
| 320351384.00468796 |   -0.8187095873405495 |
|  726107631.2455418 |    6.8896418434040285 |
| 223730170.48251197 |   -1.9118106873753957 |
|  859982554.1257932 |     1.173407724826735 |
| 27936645.991958663 |   0.18447130616247565 |
|  620569062.5999669 |    5.7272531586952695 |
|   652338726.010985 |    0.5309370871729898 |
|  659212119.1488972 |   -1.9375712989482194 |
|  801043036.2839593 |     0.670607990343941 |
|   337049307.688993 |     1.339076572645204 |
|   9399409.99583111 |    -7.426069788067387 |
|  851583430.5728761 |     3.255414999860278 |
|  797049029.9718342 |   -2.6733669420929322 |
|  512558789.6537576 |  -0.11869991253939326 |
|   871002572.569952 |    5.5833285152869845 |
|  405102054.0936671 |   -2.7271144716199958 |
|  844206358.5816252 |   -0.1343826847797811 |
|  725777633.7037308 |    1.6913732696634758 |
|  629579602.8912469 |   -2.1970064695635396 |
|  982429523.6322814 |    0.4113248546711168 |
|  980858358.8281565 |     2.183591979837892 |
|  867019648.9534007 |     3.707710853245374 |
| 362173830.89607126 |    1.3972880584845702 |
| 16536968.238910599 |   -3.5479545460924715 |
|  880646698.6232128 |     7.180542208403715 |
|  41105280.12510206 |    -1.152004626451708 |
|  347425407.4204325 |    1.3954306772682277 |
|   275654080.632134 |   -3.1543685461807973 |
|  999668475.7424399 |    0.6123021676292337 |
|  225948738.1150631 |   0.14149472041038258 |
|  279483032.8564693 |    -8.710201840969065 |
|  355473622.1441549 |    1.6657713446093214 |
|  81222042.40868059 |   -1.5427354054864955 |
|  551062163.7405878 |   -1.1115523724300682 |
|   70058076.6932265 |    1.0231620445445793 |
|  612577944.9402732 |     4.052437935011507 |
|   68524653.9615928 |    -0.134947899061147 |
|  864373924.8621265 |     4.282760585566983 |
|  957725883.6774783 |     1.182764089361768 |
| 380839057.54504645 |   -1.9199376147414264 |
|  604703925.3967916 |     5.245052550087538 |
| 402887980.39200014 |   -1.6969688527451448 |
|  810462421.2713575 |    0.9095290705264767 |
|  99200000.45026034 |    -1.262550630533967 |
|  965040791.0244573 |     1.351012205815078 |
|  869691636.8330184 |     1.371053705219245 |
|  532894061.8730453 |   -1.2603748549098617 |
|   640257785.594742 |  -0.07959872117415989 |
|  805109797.8100278 |    0.6726410272506793 |
| 489311043.63477105 |    3.3421120786785976 |
|  307083222.6656307 |   -2.6419937615115057 |
| 179417740.46338543 |    0.7464604568462214 |
|  733972241.6126635 |    1.2876155989849185 |
|  694564839.8674927 |     2.042005938755322 |
| 526965139.89156044 |   -2.8979564776455478 |
|   921766615.596719 |  -0.47484340671259595 |
|  271110079.3303471 |   -4.9688685764538825 |
| 296125426.87057954 |    -4.713794053427003 |
|  298185439.3504271 |   0.10345254133354631 |
|  349401249.9426804 |   -1.4846713314308644 |
|  696587097.6861726 |   -1.7014361231829707 |
| 131598706.45804949 |     -5.34753126866604 |
|  643972268.0755676 |   -1.2957144916841838 |
|  698075613.4318994 |    -6.876355124840124 |
| 10799849.962161766 |   -2.5694479390667055 |
| 218955606.21679345 |   -0.7830016218057034 |
|  26049011.33219306 |    -3.395404085696754 |
|   283607664.520121 |    -4.091461896440407 |
| 119188967.25353011 |  -0.12846841238533235 |
| 280221892.28783333 |    -5.611174114266485 |
|  587042241.2905507 |    1.4754966411833357 |
| 28232415.413474098 |   -3.1702777840382543 |
|  31061594.92290217 |    -4.179531093486707 |
|   627011231.237387 |     5.047923109576444 |
|  614629396.2604631 |     2.587628470107108 |
|  300677580.1251108 |   -1.1439099431948636 |
|  357423653.8492678 |     3.006041381881734 |
|  559596055.9610474 |    -2.010156626401286 |
| 407558963.21311057 |  0.047657439553627334 |
|  123503672.0252175 |    -3.753011005525739 |
|  980784696.4061347 |   0.15118110143887353 |
|  923031303.9175849 |  -0.39460805575255964 |
|  846204213.1361026 |   0.28904769369740013 |
| 20216337.831875484 |    -1.205929619562097 |
|  92340959.87384005 |    0.5569961561419937 |
|   96004580.3609404 |    -2.088436877251446 |
|  592319142.6172523 |    2.1461093597464913 |
|  630966027.1118046 |    2.5135274501902583 |
|  763219443.0154955 |     4.186716328476379 |
|  725184123.7358136 |   -3.0469582461336455 |
|  741207917.9119537 |    3.6828189964805054 |
|   104528668.913913 |   -2.0573342966441794 |
|  549916879.2637067 |   -2.1664243081695664 |
|  718451140.9908797 |    1.3276661759361152 |
| 268341069.11228406 |   -3.2511936561794537 |
| 279645207.40003395 |    -4.590248079732023 |
|  356292831.6407773 |    6.0536306261070125 |
| 429570779.12044084 |   -1.3440743131479407 |
|  196661700.5180745 |   -0.6215772835024632 |
| 173294311.92632762 |   -0.4511706125769357 |
|  59156031.97535191 |   -1.4015584707021675 |
|  864033983.8363053 |     5.788201016755192 |
| 495223854.18937486 |     0.319261933397176 |
| 264533386.38100988 |     -4.69359927953329 |
| 14636238.972563386 |   -2.8111439063945114 |
|  635893602.2534428 |     2.565722501138322 |
| 307504110.03318524 |   -2.9204960481493742 |
|  648552752.5166854 |  0.025893206314525657 |
| 487477889.78480655 |    4.1572521727874925 |
|  942971115.0840077 |   -2.0424601493729475 |
|  624233167.1386379 |     6.024984371553245 |
| 479058680.94683355 |     1.845235167935984 |
|  999531667.2961905 |    3.1774275040040725 |
|  781297144.3680221 |   -0.5965856166864668 |
|  77480737.26724225 |     1.751757476056798 |
|  99437462.19849837 |      2.01472585416328 |
|   471368094.757904 |    0.3578430461634752 |
|  730752337.0146815 |     5.208902704329225 |
|  565958804.8059503 |  -0.40534942217051634 |
| 188177497.18679765 |   -1.7010388579503866 |
|  396957371.4091352 |    -5.314888252332166 |
| 142281191.49043673 |   -3.0423747881649983 |
|  172159507.1881218 |     0.549868680647382 |
| 118969684.93526016 |    -2.788135008796362 |
|  773189025.1083335 |     2.512717973315197 |
|   678652561.642854 |   -0.8868049684239169 |
| 456811677.80741304 |   -0.6981086574550246 |
|  5374435.791204446 |    -8.951093257957162 |
|  678093931.3839123 |   -0.4928387607154805 |
|   903217328.296307 |   0.04018481745154445 |
|  909361037.0232171 |   -1.3983299800397626 |
|  779547681.2494127 |    0.6650231141032951 |
|  655154791.4614269 |   -1.5495364132946572 |
| 14024291.589284644 |    -5.191841079634015 |
|  827432638.5038642 |     0.814034006544511 |
|  815944051.4304036 |  -0.34727053115749373 |
|  534357254.5624301 |   -0.5183575617003806 |
|   859226271.388457 |     1.520806436154131 |
|  936683278.1133053 |    -3.389503796695475 |
| 287507443.04144436 |   -7.3415107879548245 |
| 167552055.62244913 |    -1.319934182233207 |
| 481353571.38088506 |    2.2270506457591392 |
|  262691252.3121868 |    2.1142360560912574 |
| 336678610.75014484 |     1.389070388118686 |
|  655312591.2584018 |    0.8691996077229254 |
|  589324034.4252273 |    0.3215918327944307 |
| 252979168.05361542 |   -3.3096356335234014 |
|  543364857.1474626 |    -4.328725514082809 |
| 313981650.82381266 |    -1.567332326833505 |
|  38098625.71166744 |   -5.9262468205147325 |
|  756271263.0650384 |    0.1846679968643099 |
|  969370268.8129969 |   -1.0733388683460612 |
|  65168903.82532825 |   -1.4742098101001857 |
| 229778708.03121337 |    2.2329969440590194 |
| 260794576.00868928 |    -4.141290728514055 |
|  882738109.2001935 |     3.868843492512938 |
| 183453909.16815397 |   -0.5981484434386116 |
|  68574235.67649412 |   -1.8584516641532058 |
| 337920973.02857536 |    2.3087215777425283 |
|  670082516.7872369 |     -2.75719698427659 |
|  429169932.8064558 |   -1.1717671016888824 |
| 377194185.62428975 |    1.8554578852057824 |
| 188173436.53895813 |   -2.3241704066406843 |
|  972766959.2244389 |    2.4057213248277427 |
| 525131054.18881136 |    1.2747463965066546 |
|  878523031.7829217 |    3.7376228460150873 |
|  669689043.1556025 |    3.4251592222325526 |
|  139765526.5643485 |   -2.6793619063720904 |
|  905200032.6161023 |   -0.4632276605726626 |
|  506126770.5930046 |    1.9283671666066784 |
|  51653751.02044756 |     -5.04514964564714 |
| 532951682.11636645 |    -9.472618152445767 |
|  246802982.5700776 |   -0.9095949695533592 |
|  776220653.6802455 |     0.287963223345868 |
| 350424810.08003837 |   -1.3056472507960493 |
|  162784706.3334007 |   -4.1163762831377895 |
|  967363501.2851269 |    -1.432415538663097 |
|  142558867.8130614 |     -2.20904776039514 |
|  726883818.3976598 |    1.6410423900912323 |
|  719364086.0953956 |   -0.7874580271995035 |
|  899506586.2675328 |   -0.8316575448111596 |
|  408744549.1817866 |   -1.6020342884618084 |
|  9093011.822531972 |   -2.1616401398679534 |
| 375041532.94272625 |  0.009412091541060319 |
|  291966502.6474052 |     -4.04653166345221 |
| 135172001.42279384 |   -1.0807073244384888 |
|  771493255.8721427 |    2.1489150439098736 |
|   569204154.828483 |   0.39577435470105227 |
|  999332318.6767222 |    2.0492030890420847 |
| 23346890.812082633 |    -4.037129042847332 |
|  306400344.3237231 |    0.0054304846083022 |
|  939623894.0422212 |    1.5881633041789658 |
| 140751521.97887152 |    -7.274416047112213 |
|  697917874.8599976 |    0.2381303763353423 |
|  488801735.2521482 |    0.6106949084174729 |
| 148075589.73196444 |    -4.045513457814442 |
|  626052648.8016617 |   0.14383574503735175 |
|   829135286.629016 |   -2.8338795837534656 |
|  552690740.0260817 |  -0.12923748930323065 |
|  207538985.9909059 |     4.294401874586495 |
| 281310658.57389826 |   -1.5788026283867485 |
|  776009819.5825385 |    2.7812591802577993 |
|  891693577.1334844 |    0.8508537760081945 |
|  795831120.5765145 |   0.06302136432332839 |
|  936130776.9816068 |     1.431660646940351 |
|  295760057.8162707 |   -2.0555043656265313 |
| 275763386.77321446 |    -4.700868967654006 |
| 361926607.10234094 |    -1.013647812589168 |
|  106714333.3264714 |    0.5271650764357596 |
| 141824856.54430377 |   -0.8034599284314021 |
|  509758018.1828658 |    -1.210110034416372 |
| 116116934.53830962 |   -0.8601503338878373 |
|  816632933.9026554 |    -4.558418488113899 |
|  730052187.0582247 |     2.016269931547689 |
|  68429579.13316749 |    1.4707041741290354 |
|  617076710.2262299 |    1.3224241827536638 |
| 361115320.63817596 |     1.360495873608511 |
|  730785335.3500204 |    0.5266252403662639 |
|   618030226.397352 |    1.9487269046816817 |
|  996585072.0443482 |    2.7507568779071323 |
|  922169462.0080862 |  -0.35350077946009106 |
|  27107704.22417219 |    -2.974412453078855 |
|  549819517.8119773 |    0.3401137741660558 |
| 251166300.05136886 |   -2.5353284953233404 |
|  610263396.6607885 |     3.949769359155739 |
|  74454622.74498904 |    0.7656086788856316 |
| 344699543.18077344 |  -0.09140227950380408 |
|  571934804.7806176 |     1.598929937006025 |
|  643850500.5389608 |   -0.4485947162471519 |
|  140828970.5369278 |   -3.6422243331296964 |
|  287136408.4378525 |   -1.1179085019825095 |
|  631287613.4391911 |    0.9663573885759899 |
|  171862771.6022456 |   -4.4186650384918735 |
|  233302453.6745728 |    0.6310613309895792 |
|  302665199.4528703 |  -0.13258490558482317 |
|  878047665.3346468 |     5.883472481383054 |
| 15910317.297844535 |    -3.535914653627143 |
|  689419030.7979352 |    -4.625702619530135 |
|  401005540.4421978 |    -3.262292970712928 |
|  864103123.8374255 |     3.931787637898542 |
|  537806322.0971155 |    1.8283741077037279 |
| 24573442.478699192 |    -2.827459724187028 |
|  313278588.9070969 |   -2.6233739898207946 |
|   51479123.2193601 |    0.8768340530006531 |
| 185074418.79098484 |    0.7599613849789165 |
|  810344477.0656732 |  -0.12188211332224275 |
| 418680588.35042375 |     -6.72879100120932 |
| 1496082.4921450566 |    -5.248110862929501 |
| 485356262.98993206 |    1.9810184010382805 |
|   843400126.725306 |    1.8091541026684275 |
|  983584538.9721248 |        2.917549593644 |
|  64479599.01795186 |   -1.9653790694710087 |
|  965280973.9226474 |  -0.36338245807350905 |
|   588487268.756456 |    1.5476711162938162 |
|  345123655.8192675 |     -1.38041065119658 |
|  481536834.9376018 |     5.324511696754639 |
|    854422528.46319 |     3.708721407142159 |
|  668209882.3700244 |   -0.1929312981706417 |
|  762900985.1688666 |    1.2369384339225729 |
| 116937547.88331833 |    -2.995969454338759 |
| 146516632.60229743 |   -3.0260678127968883 |
| 414990718.49499035 |    -1.425768917541926 |
| 403838389.62352115 |    -4.160132872451224 |
|  674689535.1251739 |    -1.862258144118683 |
|  374481564.9808433 |    -3.644940108358905 |
|    968555473.87728 |    -2.334453230129425 |
|  311302664.7836401 |     -1.74488267004935 |
|  41657725.39953483 |   0.37672174144404114 |
|  721154071.3028593 |     3.215896774403229 |
|  827861578.9481322 |    1.8949552272055605 |
|  379984107.7974457 |      0.63717229873834 |
|  775586068.5924944 |   -0.3349806360379095 |
| 32427017.868048802 |    -3.620862946944403 |
|  870973224.6110718 |     0.817556393323879 |
|  791185317.7260213 |    -4.398713402228945 |
|  940085814.0775273 |   -1.0569218432833893 |
|   953558084.754059 |    -5.750166279780373 |
| 157683870.53669387 |   -3.7651742005681417 |
| 184038837.70727846 |   -1.9483725941883319 |
|  64639967.22367138 |     2.337993397779031 |
|  960908182.2893032 |   -0.4921142515903602 |
| 313239298.92820203 |   0.29584128617662325 |
|  961662341.5831598 |    1.3747340302035937 |
|  679722429.7929033 |   -1.6266036346333514 |
| 305851131.82445544 |   -2.1879483663240196 |
| 134732197.50206745 |    -6.524843712139619 |
|  626053481.1869828 |    3.8515359909886033 |
|  859438451.3829588 |     3.349128929051892 |
| 62014920.877552226 |   -1.3108548177819246 |
| 103919579.81224386 |    0.5771009771080968 |
| 189863342.71340865 |    -4.123644688284554 |
|  96844174.80194795 |    2.2485402277864015 |
|  42112562.62534591 |    -3.251500344226843 |
|  903107947.2930943 |   0.39016671753909393 |
|   636066583.779006 |   -1.9100003180545644 |
|    899855107.49834 |    2.4731776596147412 |
|  634238723.5273466 |    0.7713497940505699 |
| 201224995.56496465 |   -1.4564900418945124 |
|  884265278.1427096 |    2.3419968675707725 |
|  382615496.7571006 |     2.357635443637936 |
|  59971806.86889325 |    -2.871948364577049 |
| 191033161.51738104 |   0.15120666536091742 |
|  684606332.4707283 |     -2.71740038808164 |
| 167064810.52610666 |    -2.037707463669291 |
|  687562553.4964226 |    -5.415265098568062 |
| 168434662.21809778 |   -0.8259526198385443 |
|  683048854.4734403 |    0.6859160725453968 |
|  730138396.5894864 |    3.3216624514874837 |
|  937017587.0932037 |   -1.3615214678358312 |
|  689092930.9280683 |     2.736647939632771 |
| 354280621.11105883 |   -0.5027952851433191 |
|  863459132.5437983 |     3.988308251161396 |
| 400721627.38923144 |    -4.706081272725461 |
| 346986897.51444334 |    1.1523681924751203 |
|  729741199.2491975 |   -0.6952390616918787 |
|  141197894.9639967 |    -4.395123746952324 |
|  573954066.5693204 |   -1.4339295165670198 |
|  424428412.0037001 |    0.4648366638854684 |
| 456246386.88128847 |   -0.3114510895678515 |
|  664956573.7479469 |    -3.124186400373074 |
| 133191299.54784437 |   -1.9577649047144199 |
|  541996065.4936767 |   -2.1377402493356246 |
|   355437912.771267 | -0.018775598741643362 |
|  697588647.7392946 |    -4.755556148668234 |
|  535109983.9158271 |   -1.5835675441867245 |
| 330048670.06836116 |     2.104648394307544 |
| 156500427.47782356 |    -5.258140882931075 |
|   383388516.599596 |    -1.125664589392459 |
| 224689164.51841414 |    -4.995002537333909 |
| 442791904.10703975 |    -1.921266291259261 |
|  553962047.1763486 |   0.44848665323593817 |
|  723006837.9522123 |    2.4643544344188184 |
|  67990947.71171233 |    2.4941787853408877 |
|  870259889.0645647 |   0.32311375160627387 |
| 386112928.15949804 |    -1.127269944561711 |
| 517030173.25170606 |   -2.3270579306993224 |
|   948984291.814061 |    3.8341324774172874 |
|  733673083.2600026 |     4.113023612764396 |
|  588096388.3595964 |    3.3807427675156836 |
| 290431453.51520437 |   0.23620113468574022 |
|  828140527.7470666 |    0.3619684387039682 |
|  851954740.9289974 |   -0.9456594740842028 |
|  350812958.2875348 |   -1.2766177198505455 |
|  643894235.5495778 |    0.5380584391054992 |
|  886925684.4913452 |     4.160383192423389 |
|  660321032.8250685 |    0.3082661766554473 |
| 261912358.00454605 |  -0.17770156266952863 |
| 126266673.08822726 |    -5.662884498584116 |
|  694862851.7427589 |   0.02391971288993544 |
| 289109031.61091185 |   -2.9626320910183006 |
|  910064873.9113126 |    2.4581861469429347 |
|  216746003.9425475 |   -1.2290875736543398 |
|  742989236.7887843 |     3.888252535436177 |
|   860206641.707739 |     3.008336618092402 |
|  443015829.5823878 |     0.532335872003526 |
| 52916120.548773706 |     1.290914687813593 |
|  710664988.8389858 |    2.2384574358013465 |
| 198667884.88693953 |    2.6519796293476436 |
|  135773177.1281554 |   -2.5743296755505325 |
|  528156810.5815526 |   0.09156496486801835 |
|  648637470.0545368 |    0.6975382948729929 |
|  327765644.3033084 |    1.4864680406916293 |
|  600306451.8448207 |     5.422237900004047 |
| 126022182.17975481 |    -3.885907244065977 |
|  549021531.5850292 |    0.5320171007351604 |
|  618101581.4263675 |     -1.10842032574786 |
|  797975566.0024782 |    -3.146461602346096 |
|    820137141.75171 |   -0.8503819786514485 |
| 178465499.02374163 |    2.4212497968918782 |
|  793986381.0484613 | -0.012808163313249854 |
|  539089730.4002815 |      -3.1052960351748 |
|  65812700.87762181 |    -1.196583790161765 |
| 453664381.99026936 |    2.2200699816638982 |
|  16780375.40163069 |    -5.902716275400596 |
|  835403962.1504062 |     3.622155182642959 |
|   813381052.605872 |   -1.2311492431559157 |
| 243885438.71877122 |    1.8213559729663187 |
|  785863869.6287202 |    1.9695902635082958 |
|  977236101.8641052 |    1.2150879914433135 |
|  523060626.5182484 |    1.0273962261390994 |
|  617848338.1339004 |    0.5641865240316606 |
|  505419437.1569848 |    2.7248533409019555 |
| 427171935.94699156 |   -0.7762529330562691 |
|   322088302.118385 |     2.613566069825154 |
|  677255595.6649764 |    -2.777188534123473 |
| 407207832.53217477 |   -1.3627392740528828 |
|  10850858.57471213 |   -3.7847209783153968 |
|  747107347.3819414 |     7.035142489532795 |
|  543455378.2232045 |   -1.4548055178175279 |
|  914472951.4804012 |     1.185052583947698 |
|  769666321.4006869 |   -1.0142031937795812 |
|  98807216.56058489 |   -1.6176925954723225 |
|  354531277.1739282 |    1.9168901749058735 |
|  750758902.0532662 |     3.260956804632488 |
|  231989813.1969238 |      0.97912507580607 |
| 385307095.65200627 |    0.6731643501889772 |
|   855888709.508555 |     4.209916468421053 |
| 394291844.04868835 |  -0.07353314424344659 |
| 376564228.83448136 |   -0.9346926037930663 |
|  988032867.9285473 |    1.9774901827706404 |
|  348974834.3440785 |    0.7432442404135857 |
| 326582555.15751845 |   -1.1645755870322114 |
|  843188362.5557317 |   -1.2544525778653903 |
| 195884956.72851947 |     1.315053413133964 |
|  424445297.7857127 |    -3.214476825096356 |
| 133427381.93337645 |    0.5253803174082603 |
|  305562614.9034847 |    3.2546718458231148 |
| 249561769.35837027 |   -3.6795671797933407 |
|   556472877.500012 |   -0.9308204458048004 |
|   799963119.547896 |   -0.6518591518554245 |
|  770884730.5305756 |    2.3168434510919633 |
|  630835976.4424618 |    2.2392935527722813 |
|  512126265.8958835 |    1.6259370173432885 |
|  382499614.6601185 |   -2.9267602869277116 |
|  982974516.7777562 |    4.5057410911890825 |
|  932544925.6778421 |   -1.9481693846352686 |
|  662216667.7961733 |   -1.3591863281657643 |
|  548134745.9195997 |   -3.6186279459862223 |
|  308498064.4983617 |    -2.684261429661693 |
|  751663204.6347071 |   -0.5472417750155936 |
| 438159647.66462857 |   -1.9359346013945973 |
| 188239033.19217184 |   -1.2381623787988492 |
|   843289177.755687 |   -1.0303613805191403 |
|  635086066.8981335 |   -0.3070948452417357 |
|  287294541.7673499 |   -0.4204322754274141 |
|  36839027.54608881 |    -2.134523821096081 |
| 109320087.53058386 |   0.07624734520413945 |
|  662435183.6939677 |   -0.7783326438912057 |
|  340732215.4402613 |    2.2889895223608003 |
|  961838072.6604178 |    -4.323801729926646 |
| 313756644.66377074 |    -6.262959256672185 |
| 313835095.41286093 |  -0.19371450663488432 |
|  367874872.0613668 |    3.0142994160806236 |
|  609320393.0477549 |    0.3480133430441881 |
|  300375439.6457559 |  -0.18029450345048748 |
|  270112174.9335141 |    -8.434135195102261 |
|  435450989.0160548 |    -5.433231536569224 |
|  376088533.5778219 |    -0.323684682075123 |
|  828098187.0269611 |    1.2759264127434538 |
|    463101098.78377 |   -2.4246913277317836 |
|  644463777.2678297 |   -0.4827136196256933 |
|  662245365.6222866 |  -0.05852305321558271 |
|  691177580.4290128 |   -3.1355228054582813 |
| 112191476.31804216 |   -0.5096153373511756 |
| 104968322.18033104 |   -0.8013585365965633 |
|  675440641.5804273 |   -0.5658832355973036 |
|  911530903.7773681 |    2.2125315250481794 |
| 25813540.946932554 |    -2.851573834359405 |
|  74905968.51607867 |     3.750239295301655 |
|  774597999.0465544 |   -0.5711405461431328 |
| 399860368.26566887 |   -3.5758529370115193 |
| 245189788.29879323 |   0.26177228077520165 |
| 525551174.42437947 |  0.060696109581000135 |
|  834440783.6752275 |    0.6141827447531397 |
|  760545622.5115619 |    3.6844602173393106 |
|  464714560.9212912 |   -0.5740356489007887 |
|  774939840.9756469 |   -0.1495299727142808 |
| 128586650.61902875 |    -7.148898950059689 |
| 232294378.28473586 |    2.3201003248910808 |
|  959798505.6860024 |    1.1943130021687098 |
| 41794530.807174325 |    -3.178763996675582 |
| 188324969.06702757 |    0.9388016948624157 |
|  99411575.25903066 |     4.587826009608369 |
| 20345148.758607488 |    1.0771179759602552 |
| 371520455.03232634 |   -3.8395056646420826 |
|  373098705.7067725 |    -5.093203258732206 |
|  184777926.6527898 |     0.845251649971074 |
|  601958128.1998358 |    3.5137864262154257 |
|   47155323.8875233 |   -3.3302316415630404 |
|   278902260.097201 |     -4.66668050823705 |
|  542844262.6595007 |   -1.5269600860831998 |
|  80338420.34748629 |    1.5881351875725163 |
| 435635633.08301026 |   -0.1996451046119705 |
|  468315562.0587287 |  -0.08543655823641338 |
|  41692302.23279707 |   -0.3482019618025618 |
|  858682643.2585945 |      4.61028916221576 |
|  535677731.0118266 |    -2.454853303301565 |
| 287639196.03962296 |    -3.627663504611151 |
|   192370794.830392 |     -2.60827811842339 |
| 519277086.12870294 |    1.2324244662707242 |
|  708752962.4723632 |    1.4524524764593214 |
|  552248672.0628934 |  -0.32707278795170236 |
|  340934118.0387184 |    1.1493677731109502 |
|  83937028.91049425 |   -1.3817703160502375 |
|  266710323.0947905 |    -2.129137250760206 |
|  453080643.9373971 |    1.8470684400236435 |
| 146972033.84609002 |    -2.252469871899595 |
|  827668038.2476844 |    -2.067426611288274 |
| 189258641.50701377 |   -0.8596269734945042 |
|  589602976.0382409 |    0.6238168795289328 |
|  878288768.3873254 |    0.1034675123622506 |
|  795979773.0633742 |   -1.6091431226982562 |
|  709751323.9864869 |    -0.098565380370089 |
|  874910565.7660888 |     6.508817095240104 |
|  703211023.2723367 | -0.059527956562960144 |
|   61695157.2732849 |    -1.479038193285257 |
| 446698353.76491064 |     2.211897032804746 |
|  460729815.3330607 |   -0.0701592202144321 |
|  402963238.4606497 |   -0.4468297501698717 |
|  58459994.69917074 |    0.6791244021524474 |
|  646185113.0322186 |     3.059942204233737 |
|  911783443.6739706 |    2.9294918011765785 |
|  390122045.1812034 |   -0.3120866299519556 |
|  55318378.26031771 |     2.906648001541542 |
|  438180491.7559536 |   -1.4372109961856023 |
|  604637386.1636481 |    0.4761209254015779 |
| 195705924.30762336 |    1.0286361926007612 |
|  548326082.7175084 |  -0.19942514278524182 |
|  354515459.1840549 |     1.383981781547547 |
|  742393090.5451723 |     2.591225661687111 |
|  293474592.6516592 |   -4.6035842234904205 |
| 499511052.48053676 |     3.854403933085453 |
|  808087830.1176835 |    0.6346729871761203 |
| 252513063.11346734 |    -3.980478935925742 |
|  944970300.7455767 |    -4.662440883991301 |
|  523989695.9797792 |   -3.6611498544241625 |
|  456845608.3417214 |    1.5773130107420255 |
|  564355672.2105108 |   -2.7649988955006517 |
|   447161050.303024 |    2.4402353380180974 |
|  647217837.5857847 |    1.8917852919725366 |
|  679239771.1658943 |   -1.8024182116339185 |
|  181337990.2705261 |    -2.087492873837884 |
|  73337449.51122656 |    -0.645096439193195 |
|  62039964.88175923 |   -2.5132986376549944 |
|   123595710.043644 |    -3.593904029964322 |
|  708167290.4684482 |   -2.3461540470878615 |
| 178316363.83802775 |    -2.411943127118159 |
|  779943071.8940852 |  -0.07556730409017903 |
|  955708580.0260569 |     1.952738951498942 |
|  267552264.2469773 |   -2.5555335368112515 |
|  325175867.8158672 |    2.7349123185402715 |
|  752289697.8307756 |    2.4647697744057813 |
|  81334411.33196484 |   -1.6083774977460665 |
|  49096100.44899937 |   -1.6692662391800506 |
|  610431348.6212211 |     8.175371514277728 |
|  815185950.3490801 |    0.9006554770845372 |
|  655557856.1642293 |    -1.584661316164646 |
|  784213731.1426898 |   -1.1862911123979785 |
|  277889006.6361952 |    -2.648956984827554 |
|  982234325.5488337 |    2.5976522741244903 |
|  860660771.1853431 |     4.590377785278848 |
|   2151801.34277293 |     -4.48848391299949 |
|  549308587.2810501 |   -1.4742317429371707 |
| 158132429.40580663 |    -6.672570634525663 |
|   69167944.9151762 |    0.6199114692248446 |
| 486528709.07446134 |    0.8239397996590765 |
|  955846422.8067627 |   -0.6354663938842842 |
|  206665776.6154405 |    0.9360240274697491 |
| 189707376.68875548 |   -1.6807674667041215 |
|  104678980.4369086 |    0.8973701752484542 |
|   278294973.775833 |    -4.232770696495116 |
|  596155855.9924664 |     2.933038434584325 |
| 205919296.01166004 |      2.46048282362967 |
|  555117870.8206942 |    -3.539881264984715 |
|  68504525.49784702 |    1.2683410005806972 |
|  661030378.3634539 |    0.6297332942386915 |
|   987531491.650819 |    1.5748163667188972 |
|  591208772.2094121 |   -0.3029909452543007 |
| 113661473.47401544 |    -3.554725489060071 |
|  430107361.2178572 |    -0.588521920444729 |
|  157059790.1260986 |   -3.6303648727823643 |
|  312489923.5598176 |   -3.2557135397078656 |
|  917374694.5945406 |    1.0442710273278228 |
| 215520126.42582718 |   -1.3454209011412885 |
|  76667202.90365347 |   -1.4076735096855988 |
|  135102359.6940082 |     -7.74025010138457 |
| 200093542.62499568 |  -0.41316865265378944 |
|  533219225.7640141 |   -1.8574223554384732 |
|  483473296.6055354 |    0.6885052658231194 |
| 289935133.02170724 |  -0.38452139156750587 |
| 214513736.81263763 |   -0.6818550570404818 |
|  631573422.9055508 |   -1.7914333514715395 |
| 323925285.78292966 |     3.469134797322514 |
| 55128536.658889726 |   -0.7390766073503051 |
|  871437931.9987178 |     5.270009989173955 |
|  846312184.8444245 |  -0.33490350765855337 |
|  782907521.3149333 |     5.174700741040593 |
| 434652220.34441555 |    -2.094336158543756 |
|  523964.8991822721 |    -5.855208815437809 |
|  664267436.0786079 |    -5.151141245871917 |
|  992188695.1198682 |     2.433579744124826 |
|  756037300.2435869 |    2.5076175980613016 |
|  299186428.3551307 |   0.18358281798091425 |
| 261712381.22379315 |    1.6549361249071666 |
|  968979018.3667727 |   -2.4806995708514323 |
